PS D:\DAA_CIA2_adi> python -u "d:\DAA_CIA2_adi\1_Genetic_Algo_TSP.py"

Initial population: 
GNOME     FITNESS VALUE

031240 32
031240 32
031240 32
031240 32
031240 32
031240 32
031240 32
031240 32
031240 32
031240 32


Current temp:  10000
Generation 1
GNOME     FITNESS VALUE
013240 21
013240 21
034210 31
013240 21
034210 31
013240 21
034210 31
034210 31
034210 31
034210 31

Current temp:  9000.0
Generation 2
GNOME     FITNESS VALUE
031240 32
031240 32
031240 32
031240 32
031240 32
031240 32
031240 32
043210 24
043210 24
043210 24

Current temp:  8100.0
Generation 3
GNOME     FITNESS VALUE
013240 21
042310 21
013240 21
013240 21
034210 31
034210 31
034210 31
013240 21
034210 31
013240 21

Current temp:  7290.0
Generation 4
GNOME     FITNESS VALUE
031240 32
012340 24
031240 32
043210 24
031240 32
031240 32
043210 24
031240 32
043210 24
043210 24

Current temp:  6561.0
Generation 5
GNOME     FITNESS VALUE
012430 31
034210 31
034210 31
013240 21
034210 31
034210 31
034210 31
034210 31
013240 21
013240 21
PS D:\DAA_CIA2_adi> 